-- Data Summary ------------------------
                           Values              
Name                       select(datos, -name)
Number of rows             14                  
Number of columns          34                  
_______________________                        
Column type frequency:                         
  numeric                  34                  
________________________                       
Group variables            None                

-- Variable type: numeric ------------------------------------------------------
   skim_variable       n_missing complete_rate        mean          sd
 1 fips                        0             1  25014           8.37  
 2 temp                        0             1     48.7         1.92  
 3 alt                         0             1    104.        116.    
 4 male                        0             1 238969.     217199.    
 5 female                      0             1 253352.     226886.    
 6 pop                         0             1 492322.     444052.    
 7 suicides                    0             1     38.5        30.6   
 8 firearm_suicides            0             1      9.22        5.67  
 9 homicides                   0             1     13.2        13.4   
10 vehicle_deaths              0             1     35.3        22.1   
11 labor_force                 0             1 261309.     241932.    
12 employed                    0             1 238152      222954.    
13 unemployed                  0             1  23157.      19383.    
14 life_expectancy             0             1     80.4         0.969 
15 avg_income                  0             1  72239.      21041.    
16 less_highschool             0             1      8.34        3.58  
17 plus_bachelors              0             1     41.9         9.07  
18 poverty_rate                0             1      9.36        3.21  
19 medical_costs               0             1   3048           0     
20 food_costs                  0             1   3690           0     
21 housing_costs               0             1  13796.       4386.    
22 tax_costs                   0             1   4806.        711.    
23 poor_health                 0             1     14.2         2.31  
24 smokers                     0             1     16.1         2.21  
25 adult_obesity               0             1     25.8         3.07  
26 housing_problems            0             1     17.9         3.18  
27 children_in_poverty         0             1     12.2         5.29  
28 uninsured                   0             1      3.44        0.636 
29 excessive_drinking          0             1     23.9         1.55  
30 prop_hombres                0             1      0.486       0.0104
31 prop_mujeres                0             1      0.514       0.0104
32 tasa_paro                   0             1      0.0911      0.0114
33 tasa_suicidios              0             1      9.04        2.00  
34 tasa_homicidios             0             1     15.6        35.1   
           p0         p25         p50        p75        p100 hist 
 1 25001       25008.      25014       25020.      25027     ▇▇▅▇▇
 2    45.6        47          49.2        50.2        51     ▃▂▁▃▇
 3    13.7        22          37.6       193.        354.    ▇▁▂▁▁
 4  5856       64060      239246.     370313.     789545     ▇▃▅▁▁
 5  5543       69856.     254540.     398156      822154     ▇▃▅▁▁
 6 11399      133916.     493787      768469.    1611699     ▇▃▅▁▁
 7     1.29       13.7        43.4        50.7       112.    ▇▆▅▂▂
 8     0.571       4.93        9.01       12.7        19.7   ▆▆▇▃▃
 9     0.667       3.55       13.0        14.5        54.0   ▅▇▁▁▁
10     1.29       17.1        37.7        46.5        75.1   ▆▂▇▃▃
11  7664       67649      248496      406010.     882398     ▇▃▅▁▁
12  6873       61881.     223976.     367638.     818205     ▇▃▅▁▁
13   791        5768.      24520.      36376.      64193     ▇▁▅▂▁
14    78.8        79.7        80.4        81.2        82.0   ▃▇▇▂▆
15 51187       55142.      67506       83134.     124168     ▇▃▅▁▁
16     4.4         5.5         6.9        10.3        14.3   ▇▅▃▂▅
17    27.1        36.6        41.6        47.7        56.3   ▃▇▃▆▆
18     5.5         7           9.05       11.2        16.7   ▇▃▃▁▁
19  3048        3048        3048        3048        3048     ▁▁▇▁▁
20  3690        3690        3690        3690        3690     ▁▁▇▁▁
21  8844        9886.      12672       17596.      20580     ▇▂▁▂▃
22  4003        4172.       4624        5422.       5906     ▇▂▁▂▃
23    11.1        12.5        14.2        15.0        19.1   ▇▃▆▂▃
24    12.3        15.1        16.1        18.1        19.5   ▅▂▇▂▆
25    21.4        23.0        26.4        28.4        30.5   ▇▂▆▇▃
26    14.7        15.9        16.6        18.8        24.5   ▇▂▃▁▂
27     5.5         9.45       11.6        15.0        23.9   ▃▇▂▁▁
28     2.38        2.89        3.59        3.81        4.45  ▅▅▂▇▃
29    22.1        22.8        23.4        25.4        26.5   ▇▇▂▂▇
30     0.466       0.482       0.484       0.489       0.514 ▁▇▆▁▁
31     0.486       0.511       0.516       0.518       0.534 ▁▁▆▇▁
32     0.0722      0.0846      0.0933      0.101       0.104 ▅▂▂▆▇
33     5.37        7.88        8.68       10.5        12.4   ▂▅▇▃▅
34     0.651       1.10        1.87        3.93      116.    ▇▁▁▁▁
